00011111100100011000101010101110
01101000010111110001111000110111
01111111011101011001110100100111
00100110001011000110000110011000
01111000111101011011100011111101
01111000111011000101110011001011
01010100010010111101011000110001
00011000011110001000011111000110
01111110100010110010101111010011
01111010101000100101001110111110
01011111010000101011100110100111
00111011011001100101111100000110
01111101011100001000000011011000
00011111101000100010100001010001
00010110000001011101000011111111
01101001000110111100101001001100
00010010111101111110110000110100
01001110111111011100011100001010
01001100110101100111010110010110
01010001000110010111000101000111
01000001010000111011011111000101
00100101101000011110001111001111
00110110000111011010101111011011
00101101111010010011110011110101
00010110100011101100000010111010
00110110010100010010001111000101
01011101111100011010000000100100
00001011000101110011100010010000
01111000011111010100010110101101
00110110001010110110111000110110
01011110011010110011100100101000
01110011100010001010001101011000
00100100010001001100000001010101
01011010111000111111110111000011
00111011110100100011011111111001
00001101010000001001110000100101
00111010111011110000100100010011
01101011110000111000011010010100
01010000110011111011101011101000
01010110101100010111101110011010
01000111011100001101011101110011
00110000100101111011011000110011
00010010101010101101001010111111
00011111010110110110111110011000
01010110100011110100000001011011
00000001000010001011101111101100
01000110011110011101110001110011
00000010010101011110101001010001
00111011111001001101011011000001
00001011001011010100111110110100
00111111010000011010111001000110
00001111010001000110100001100011
00100001111000101001110111001000
01011010011101101110110010110001
01001001001110000100010111010011
01011000110111110010001110011111
00011010000011000010001000100010
00110110110010110110110110011001
00100011001011100110000100101100
00001110010100110010111100010100
01001000101110111011001101010011
00101001000110100000111100001000
01110001110110110110001111001000
00110010000001000001101110101111
00100001010001110111000000100000
00001101101011001100010011001101
00100011011010000100000011000010
00110010000011110001101100110000
01100001000011010000101001000011
01100100010010001111100101011100
01111100000111000101011100011010
00001000010010110010000100100010
00011100000100101101111011110001
01111111101010011111011000110001
00000100111110110001100000110011
00100011111100110100100111111001
01011011000001101101010110001111
00101000110011101011100011101010
00000100111111011000010010111010
00110100100110111110101100010110
00001111111001010011000111110001
01011000110110101100000100010100
01001101101101000111000111001001
00011010101011101010110010100000
00000010101000100110011011110011
01110011100010000111010011010111
00011100011101011100011100010111
01010010010101110011101011111110
00101011111110001001001100110001
00111100100101101111000011001001
00001110110100110001001011001000
01101010010111100111111100110100
00001101000100100011101010001111
01111110010000100101100110100000
01111100010101100010100110100000
00100100110110010001100011001000
00101110110010101101110110100001
01000111101101001100101010010110
01111111100110110101100000101010
01011110001100000011001101010111
01110011101101111111101000001000
00010011100110111000111111111000
01010101110100010000110010101100
01010001110000010001001110100110
00100001111011011000100011011111
00100001100000000010101101100101
01111101000111110001111011000110
00100111110000001011100010011000
01101000101010111010111001001010
00110010101000101100011011010111
00010000101111001111110001011110
01001010101110101001100101101000
01101111001011000011001000011001
00000100011001100010000010011011
00110101111101001110000011101101
01111001001010111001000010001011
00111010011100111000000011010111
00001011110111111101000000111001
01101001000101000001000111100110
00110111101100000010001101000001
01101001100011001010001111010111
01000110111110000101100110011100
01011110100010000010010000111001
01101101010101101001001010010000
01110111110110101001100100110101
01010001011001011101111100110111
01011010010000101000110001101110
01110110111001100100000101011000
01011110101101110100001101100111
01010011001100110010101110001101
00111001111010111011011110011100
00111011011001000111001000110000
00110100111011100110110011111000
00111000111110101101100110000110
00011001100000111011010001100001
00101010101110101010111000110001
01011101111000000010010110010100
00110010010100100111010110101010
01101000001010111011011000110110
01000000101010111010101001011111
01100101010011011000011010110010
01110011010010100100100000001001
01001100100111101101010110101100
00011110101011111000111010010100
01010111010010111111101010110100
00011100010100101110010101101110
00110110011000010100101010101000
01110100011101000101101000111010
00111111111011110010010111001101
00001001110101011110110101100011
00111100011010111001011001011111
01000101101100000101101101101011
01001110010001000110100001101000
00010000010011110011000001011111
00010100001110001001010010000101
00110101011000110001100001101111
01111111111001001011100101010101
01110000111011011010000011111001
01101010011110000011111011010100
01010011001101001110110110001011
01100101101100100001110110110000
01110110011111010110001111000001
00100101100101101100101011001100
00000001111001100001111010111110
01110011010000100110110101100100
00111001011111011001101001100110
01000000111111100000010001111111
00010001000010101010010010000011
01001000000110110001110001010101
00011110100000100001110101111001
00100010111101011110001100111001
01000100010101001010001110010000
01101111101011000111111001110110
00111100110001001100110100110011
01101001101111011100011100001101
01110010111101110101001011011101
00010111001101000010010011101001
01110010001010000011110110010101
01111110010000110110100111000010
00111100101111111101000001010011
01100001101100110000001110110001
01110100101000100111110011101011
01110000010100111100000000110001
01000101100001101100110011001110
00001110000101000110011001110110
00100111010100011000110101011110
00100000011111000011111000110011
00010011000110001101000000101100
00011110000110101111010010101011
01010001001111101101010010100111
00010111110101001110101010110001
00100001110000010001110111011100
00001101100001000110010101011110
01111001110010001101011110011111
01100000010001111100001110111001
00111111111000001001000001100011
00010001000011011001100000110110
00111100000000001111001101000001
00101010111010100000010101011100
00101001111000000100111001001000
