11000000000000000000000000000000
10100101010000100110110111111111
10101000000101001010101000111101
10010001001001100001010001011111
10110011101110100100111100100100
11001010010011000011000100010000
11011011000011001011000101110101
11101000101101001011011000110001
11110100101101110000111100001011
00000000000000000000000000000000
00001011010010001111000011110101
00010111010010110100100111001111
00100100111100110100111010001011
00110101101100111100111011110000
01001100010001011011000011011100
01101110110110011110101110100001
01010111111010110101010111000011
01011010101111011001001000000001
01000000000000000000000000000000
