00011000111011001011111111001101
00101100001011101101010011100010
00010101011000110100110011000110
00000000100110100001101101111110
00011101111001001111011101101110
00000111111111100101001000100010
00100001011000000100101011011101
00001110001100001000110001101000
00101001100101100110011010001010
00001110010000010000101000101010
00011101111101001000000001101010
00001110000111110110111011101110
00010010000011011001001001100000
00011001011101001111110000110011
00010111000001010100000100000010
00001011001111000100110000000000
00011101010011111010100110010100
00000100011100100111010111011100
00011111010110110011100111000000
00100101111001110110100000011001
00100101100011110101101111010100
00000101110000111111111011010010
00101010100110101101010000100010
00100100100110001111001001110110
00010011100110111101001101011000
00001001010101010100110000111011
00011110100111000101101101100100
00010010010001000100111011011001
00011001101101110101110001001111
00010100011011000101011101010010
00010100101011110000111010000011
00010000000100111011001010000011
00011011100100110101100101101111
00011110101100011000100000000100
00010110000000100011110011111111
00100001100000010000000111100001
00100000101011111011011101100001
00011011111011001000100111011011
00100001010110111100001111001001
00011010010001101101000101100011
00001111111011100110000001100000
00011011111000011000011011000110
00011101111111000001001001110011
00001111000101101000111001100001
00011010001011000110011100010011
00011011101110010011000110001100
00001101110111101111110111000111
00010000010011101000011000101110
00100111111001101111000000100111
00101001101011110101100010101000
00100000000001000111101011000001
00011111100101101000010101100111
00011110011010000100101110011011
00101001111010010010011111101100
00011100001111100110001111101101
00010100101101010110011000111101
00010011011000011101000010001000
00011100001110000011111100101011
00011001000001000001010001101111
00001111000000011100111100111001
00011100010111100101010101010000
00011101011111110001010101011000
00001000000110101100101011110111
00001001111001100101111101011110
00010000110001000001011001000101
00100110000110100000011000110100
00100111010100001101000101000110
00011001011110011011111011001010
00101100010001101000011011110001
00100001001111011001110011110111
00001000000100000000001111011110
00000100111111110100101100111010
00000100111011110110001011001000
00010011110111100010101001101001
00011000100111011101100110010111
00010011111011011110010111000101
00100010110001011111001001010110
00011011101100001101000001011000
00001011111001101110101100011000
00000000111000011001001100101111
00010011111010010001010011011010
00100011100000101110100110010110
00101001110001000110101000111111
00001011100110001110011100000111
00011100010000110000111001110110
00100001011011101111111110000000
00000100010110011001111010011111
00010111101001110101111011110101
00001000001111011110111001111100
00011011010001100101000110110011
00011100010010000001000110110010
00100110000010001110111110100000
00100011000111010011010011001101
00011010101001011111111010100000
00000001001000111011011111110111
00011000010111000011001001100100
00001001110100001000011101000111
00011111100110101111101110110001
00100110101011101111101101000100
00011111000111010001001010010011
00010110100100111110000011101011
00100010101000101101110001111000
00010101101001011011111101101000
00101010111100011111011011111001
00010111011000100010101100001000
00101010110110100101011011111001
00010110111100101100000110011111
00100011011101110000110111000000
00101100010110101111111000001111
00010101111000010000100011011010
00011101010001111111111000110001
00011101001010001011111110101011
00010101011101011100010111001110
00011001011000001000010110101011
00011111111101010001101011000110
00100000100000000110010000010110
00011000001000000011000011001001
00100111110011111011000010001101
00010010111111100000010100111100
00100001000010101011100011010101
00001101101000101111111110010111
00100111110001101110100110010001
00011011100011001010011100000001
00100000001011101111101111110100
00100101010101011101011010100111
00011001100100101100011010011110
00100100110100011101010100100011
00100111110111010000101000110001
00011000000000000010101011101100
00100000100110100000111011110010
00000111111101001010001100110111
00011010010111001010111101111010
00000000010110111110011110001111
00101011111110000100001010010010
00011001100101100001011011011001
00010110100011100010100010001111
00011110100010001001101000001010
00100100101011101001110000011010
00010110000001000100111000001100
00100101010001111011111101110101
00011010001111100000001111011010
00011100111011001010101101010110
00100101110001110100110111110001
00101100011000000111101001010001
00011000011000011101110000000110
00010101101000000110011011010111
00100100000101100111011100011000
00010100100110000000000110010111
00010101101010111111100110110000
00000011000111100111010011100101
00011001011101101111010101111001
00011010011101110000010000100110
00100100110101100001111011010100
00010010111011101100010011101010
00001110110100001101001100110101
00101010001001111010100010001100
00011011110100010110100101011111
00010101011111110101001010110101
00101001000010000101110100001010
00100100100010100011100000010101
00010111000001000001010000100100
00001011111100010110100110111101
00010110010010110100011011110001
00010101101101110110010000111000
00011000000011011001000010100111
00000000111010001001101101010101
00011010000010011110111100100000
00011010100010001100100101000000
00101001010111010000110010110100
00001101100011100100100100010010
00011110011100111011010000010011
00100000111011111000100000101010
00100000011111000100110101111001
00011001110101001000101011000101
00100010101100011101011100010010
00100001001001110010111001000111
00011100000011001000010111001110
00001001100100010110000010111100
00001010001001111110111101010111
00011100000010111101001000101111
00000001111110000101000011010001
00001111011101110100101011110001
00011110110010000101001001011100
00011110001110011011001100001010
00101010000000111101100100100011
00100000110000101101011011111111
00010101000110100011101111101001
00011101010000101101101111110010
00001101111100110101011010010111
00011100011111010110010001010110
00100011111111001111001001101010
00101010110101011100010100111100
00011101101101101011111011001010
00001111100111110000100101011111
00001010001000110010000111101010
00101000111011001011110101100011
00010101111110110010100010011100
00010000111010101010000010101101
00011010111010111000001101010010
00011010110001110000011000000001
