11001000001111111010100100100110
00000001010001101100000010010110
10001000111111111110100000100101
01110110101101100100011011111101
00111000100111100110001110111101
11011110010010010101111100011010
01100000011011011010010011011110
10110000100110001001000101011001
00010101010011100110101011100010
10011000001101111110101001111110
01011000100111001011011010001101
10001101110101100011100001111001
11011101101111110000100000110001
00001101001110010000000111011110
11011001000111010111110011010010
11001010011010110000110111110101
01101100001110000100010001001010
01000011010101010011010001011010
10100011111011000011010000001001
00011000010001011111001010010001
01000100111010010101011011010101
11110000010010101000000101110110
00001010011111100011011000110010
00010111000010110100011100110001
10111100110110011001110010001110
10110111001001000111111011000110
01101010000111110111100111101101
11000001001101001111001110010101
10011101000110001101010011111101
01101001101010101100101010000010
11010010100011101110100110101110
11110110011110100001100010011001
01100111101010111101011000110010
01101110110101101110000100100110
11011011010101111010001111010101
00111001010100100010110101111001
01100110011110111001100001101001
10111001111111010001010010000110
00101011111101011110101101001010
01101111100011001001001001011101
11011110110110100100100111010010
10110111101100111010000110001010
10000010001000001100100100010001
11101010101000110110011111011001
10110110000010110100001110001101
11000010100011010101111001101110
11111000100100011000011111100010
10110101111011011101001001111001
00010111001110000000101111011110
00011100110000011110101101001110
01011000110100000101011110111101
00110011110100011011100101000101
01101111111110000000110100100101
00011011011011101100001011001010
01100101011000100101110010100110
01001100101111110000110010000001
11100111011010010100011100111010
11001100001100000011010001100110
10101101101100110001010001011101
10001010101100001011000010100001
11010110100110001001011111100001
11000010000111101000000100000110
10011100000000100101001000000010
10011101110011100100011100000101
00111100000111111001110110110010
00110101000100110001111010100010
00110100110000110101100011010001
01000010010000101101001010001001
00000101111011111101011011001101
01110011011011011110111110100110
01011100000100011000100010001010
01000100001011001111100111101001
11100101011111101011001001010110
11101110010000111100001000000110
11101101001000001100001000110101
00110001001100110000110001001101
01011101000111111011100000001101
10101001100011010111010110111011
10100111111000011100100001101110
11111111010111011011000101001001
01010100100011000110100011110010
00111111101100001000000011111111
00010111010100011000110100111101
11101000011101010000011011101001
10110100010111000010001010110001
01100000111110100011110001011111
00111110100000100000011111010010
00101111001010111111101010000101
10001101111111010010100011101010
10000110110101000000111101111011
11000110001001110101011111001001
00110001100001001101100100100001
01100111001011000110110001010101
10010001100010101110001011110111
11100111111101100001110100010010
11110110110010100110110010100001
01010111100111111010011100001110
01011110101001110101010110010111
00011111110001100001011101101101
10000001111101101001000110000101
11011010110111111011010111011101
01001000010010011110000000110011
10010111000001110101001100111110
00001111101110010010011000111001
10100010011001101111110110100010
00001101010101110001110110110111
10110110100101001011100111100101
01011010100101110101101101111001
00000010101101111011011100111001
11110010001110010010111010010111
01001100011001011010101111011010
11001000110010011111101011011101
01111011000101001011001101100010
11110000001101001100001101111011
01100101111001011110001000000001
10000111011001010100110001111001
11010011110000000111100100111101
00100111010010100111011101011111
10010101000101001010100001010010
01110000010010101011000101111001
11100010000100010110101111001110
00101001010001001100000011011111
10011101100001111010110000001101
01110110000111000000011010010101
00101000001100000010001111010101
11111110001000101001110101111011
00100100111001100110011010110110
00101001001100100001111110110001
10000000111000100110000000001010
10001001101111110010111001010111
01000100011101100011010011101101
10101111011110101111101000110001
10110001010100111110110001110001
00000111110101011000001110000111
11111100101001110011110000110010
11111010010001010100110110010101
01011001100000101000011000100010
01010010111110110111011010100011
10010101000000000111111001010001
00110101100010111111000011111001
01101000001000111101010011101101
10011100101001011100000100000111
00100111110100011011000111001010
00000011101001010000010101011001
10100000111100011101110011010110
10001011100010001111110110000111
00101010011000011011100110010101
11011100111110010011111101011101
10011000110000001001111000001101
01001100110001100000111011101011
11000010001000001110101111101110
10011010110101101001101011111001
00111001000000010101000001010010
01110010011010001010001101001111
11110010100100111110001100111101
00001101101110000110110101011001
01000011100100000101100100100001
00110101001101110001011001001111
00011011010000101010000101100010
01000010101101101101000000000101
11101011011000100000101110111010
11100010000110011110000111101011
10100011111000100110111111011001
11110100010010101110010110100001
10001010111001110100001111100101
11111100000101011101110010000111
10100010001100110100011110000010
10110001010001010001111010000001
00010010000101100100010100011110
00111001011010110010110100100111
01011000111000000001010011011101
01101110001010111011101100000101
00111011100001111000111101001101
00001111010001001000001110100011
01110000110000000101110000001110
01101000001101010100111101101001
11001011111001011000011111010010
11000000100010100011011010000111
10000001000110010101101000110101
10111111010110011111000011001001
11100011011101001101010110001001
10010111101100100100000100100111
10101001101010001001000011101010
10100001010100101100010101001101
00011010100001011001111011110010
00010001111111001101100001111011
00101000011011111101100010110001
11000110001011000001111001101001
10011000000001000001101000101101
01001110110100110110110111011111
01010000110111111100101011000010
00010001100000101011101110000001
10100001110101100101000001101110
11001000100011011000001001111111
11111000000011101000000001001101
00011111110011110000111010100101
01001101011001110011100011010101
10111101101000010011011101111011
11001001001011110100010100010110
11001010111100011111000100100001
