10101110110110111010011111100100
00111110001010110001111000101110
01010111001000010100101100001101
00000001101100000101011001000100
01001100101101001101101001111011
00100011101001011000110100001101
10111011110000001010001110011000
00111011101000101111000000111110
10101000110001011111001010111111
00110011101001010010111100110001
01111001101111101011111001010010
00101110001011101010001100010111
01101011001110010011111001001100
00001100001010100011100000011010
10011111110010111101000010000111
00110001101011000001100010101101
10001011010010000100001110010000
00000101111110001010101101011010
11111111001100101011110001000001
01011000101000101000111010101000
11100101001111110000101100010111
00011010111100100000100101100001
01111001010001110110010111110100
01000101000010010010110111000010
01100111110001100110011111000011
00100011011101100101111001001001
10011011001011010000100100101010
01011110100010010011111011111011
10010011101000101010001000000100
00111110111111011110110000110010
01111110110110000100110011101111
01100011100101111000100011010001
01110001110111111101110011111000
10100001111110110111010100010110
10010100101000011010010001111101
01110010000101010000100111100000
10110111001011001111010101111011
11010000011100011101011010111101
01010100110101001011100010110000
01101101100110000101101010101010
01010111010100010011100110101111
11001101111000011100000010100101
10110010001010111101010111000110
01010101100110101110100010010111
10110001001000010100010111111000
11010111111011100111001111001110
01010000010110111001101100000011
01001010000101000110111110110101
01111010110011000000110000110100
11101010011011001111000011111110
10010100001101100110001110010101
01010011100001101101110111011100
10011110101110110110000010000011
11110001111000101010011011010101
01110110110001110000111001001000
00101110100011111100011011100110
01111100110000101011110001000111
11101100110010100001010111101001
10011000101100000100001010001010
00110001000010010111000101101111
11111100001101101101010110011100
11111101010011001001011010101010
00011000110011001011101001111111
00100000100000111111001101011101
00011010011011111111101100001000
11000010110101110010000010000010
11101111000111011011011111110001
00111101100001011010001000110000
11111000000110000011111111001111
11011011110101010011000110111001
00001111011000001101001100100100
00000110000011000001000100001010
00010100111100010100001000111011
10000110010110011000101111010001
11001001000000111001101011100010
00011011100111101001011100101011
11010110100001010000101011110100
10111100010110110000100011100010
00101011111111110110010000110111
00000011100100000010010000000001
00110000111110000110011101100000
10100001110101000101111101101110
11001011100011100000100010101101
00111100000100100011011101011000
11010001000010111011101110100011
10111110010001101110110101010100
00000101111100110100010111001000
00100101100111111001000101110010
00010111011101101101001111111110
10001111010011100110111000111101
11100111000001001011110100011110
10110010101101010000001001000111
11110111000001111101111000101000
10010010110010001101100100011111
00000011001011001011000110011011
11001011001100110101100000101101
00010001101000010010000010001101
10011001010000111100101100100100
10000001010110011101110001000101
11000110101010011110110100010100
10011011110111000100110001011001
10100100010001010110101000101100
01100100101000001000010010000000
11011001101010010110111010011110
01111011101011010000010110010110
10111101110011011111100101011011
10000110110101110110100001110010
11100000001001101101110010111111
10001101010100000110100100000110
10100010010110111010111101110011
01100000101011110000110111101111
11111101101001001100111111000101
01001111001000101011110111000001
11011010010100000001110001001000
10101000010110100100001100101001
11101111101010100110100011101000
10101011010011111101010000110101
11001101110100101001011001100000
01001110001101111011101111111100
11010010001110101111101011011010
01001000101111101101100011101010
11010100010111100010000100000011
10101100010001001011011000111010
11001001111100011010100111010011
10000100110000110010010101101110
11101001011111000011001010011011
01101100101100011101101010000111
11010100111101110000111010101001
01100110101101010100101110111001
11110110111100111001000010110100
00001010110010011000001111000101
10101101011111011001110010000000
00000000011011000000001111110001
11101111011010010000000111000100
11101000100111000110111100010000
10110010111110010010010110100010
10000000000110010111111000000110
11110010011010010111011011101111
01100101011000110000001110001110
10101011111100100011011110011111
01100110011100001011001010000010
11000001111001111111010011010111
10000111000000100101101001001011
10111110011001001001000011010101
10000100100001101101101001010101
01011100011001010110011111011100
01110011111111101111010010111101
10000101111011100000001101100100
01100100111110111101011110001001
00000100011010101101000010111100
10110001100011111011000001111000
10011001111011100111000101001110
10101011000010100010001101001110
00111011111110101100001010000011
01010111111100001101110111100010
10000110011000011111011000110111
01001011011101110100101111111110
00100010011101000110100110101011
10110111000000011000010100110111
10111111110000110110010100011101
10101101000001010000011000110001
00111101011101101111111110010000
01110001011011010110100111110001
10100010110011011101011100011000
01101111111000000111100011100101
00000100111111111000111011010000
10011011000110000010010000000100
10110001010101011101011000100010
10001011100110011011010101100010
00010001011110010000110101101011
01111110111000110101110010001011
11001100010100100110000101001010
01101001111011001101110110110110
00001110011100111001111101000011
11111100100101101111000101011111
11000101110110001111001101110001
11100111000100111100000111101001
00100111111001010010100000100100
00011100111011101011111100011100
11011010010110101000100001010001
00000111011000110010110000001001
00111010011011000010101100011100
11111010000110111100001110000000
11100010010101100000111001101010
11110001000111100100010010011110
00100000011011101001100100010111
00011000011101001000101001010111
11111101110101001001110100100110
00110010111111110001100001011010
01011101111000000000111000101111
11010100000001010110011010110011
11100100010010110010111000000101
11010110100000000111110110000101
01001110010000100110110101001100
00110110111110010010001001100100
11010001010010010010100010111101
00110100111100001011001101000001
01010011010011111111011101110100
11010000100010000101101111101000
11001110110000011001100111010110
